Function A: ADD 397
Function B: MULTIPLY 63
Function C: RAISE TO THE POWER OF 3

2358
8430
6812
7715
9817
3958
1571
7995
9830
8223
8623
2253
5972
9327
7372
2506
8033
9213
2859
2913
6851
8984
1535
2949
7300
3522
8156
6611
9954
5240
3074
1472
3460
4572
1765
4676
7844
9178
2969
8644
8681
9992
1913
3545
6310
1153
8609
6468
6770
3115
4346
8843
1977
6692
4472
4151
3662
9962
1822
2976
1268
3145
6926
5401
3265
8440
3960
7409
7773
7963
4542
7758
8314
4754
5903
7777
4753
5470
3233
4974
7260
1328
3552
4411
3863
2157
5904
4118
7953
9675
8412
8859
6876
4127
7890
1152
9596
8154
3376
1089
9961