963183
299172
219968
453725
168496
771419
774670
971894
660926
572682
968002
64564
935768
230073
310833
395772
286616
224994
920520
545908
13274
691873
731227
36865
743922
911767
702910
895262
589217
108279
472065
811528
912732
17934
270599
562943
533776
718375
686280
408186
722372
646579
643879
863799
723403
217039
761771
267417
920287
301523
666919
331093
377692
535225
758858
540148
40697
567636
326501
891570
371533
178128
748760
691464
220645
216911
268773
853822
109063
56911
535036
567911
202958
537169
501893
456454
376360
698913
708167
283259
791288
164946
344359
486031
502771
170728
252889
458966
423280
123500
214252
399789
557814
899679
140983
68609
569003
412718
69742
546194
763810
919891
913397
637061
832834
66035
28439
840671
69748
536803
639406
291230
510572
673166
578210
474608
876209
376762
533030
499557
648955
157437
596287
269372
288657
905275
619175
273341
414629
761422
940046
512663
487009
629576
244905
700978
18057
595499
999807
591231
586835
29151
628353
462236
542616
170892
344350
624165
523018
930347
206209
880262
414413
807335
381479
998646
430060
629198
973892
261608
939957
533182
744347
460720
663997
12532
918521
326111
396102
165069
649273
719189
205871
114799
412049
897742
749264
269728
812999
678715
19740
930066
190647
345441
436129
749169
842509
145594
327081
776470
487560
883287
676808
215529
18612
468535
59607
416214
732262
751532
279941
781247
919219
961083
391882
510907
250118
27063
108670
576538
191059
540173
74583
117804
504650
270623
867691
612367
777425
697464
735484
676505
630599
966276
641886
276964
262589
979098
246955
444101
41527
519050
58733
276819
169064
56414
170896
185903
452228
514026
562909
530339
681236
706115
564351
323904
702434
372064
943901
821777
910341
586992
515429
721872
98944
209288
71730
192428
31410
980816
853159
266595
14932
544505
233416
564934
151176
523449
946367
994508
951468
16164
358549
104795
72369
507086
360320
735840
491278
842865
749642
170986
509382
779429
457058
547414
19278
544483
567120
836003
992612
532211
944617
381381
613890
588373
619886
570904
42556
490076