14636055 10
B9BD246 16
4126007072 8
5115062411 8
66922109 10
2461605212 8
1617317752 8
10011010100111001101011011 2
111001100011010011100101011 2
224051092 10
528957844 10
10001101101000000101000101100 2
444481256 10
138020710 10
D15ABD 16
1101101011010110000000100110 2
6237665416 8
1A40F93D 16
4127504750 8
49855045 10
110010011101100110110001001010 2
110000001011101001011101110000 2
1101011101011011100000001000 2
330BDC90 16
FE3BCA 16
3230290 10
101100000011110011010011001110 2
503238532 10
323324261 10
10001010111101100110010100110 2
906020071 10
2AEA8937 16
924087815 10
5223412455 8
362812EA 16
60986816 10
1011110001111011011110111001 2
110010110011001011010111111111 2
11000101110101101000100000010 2
100111011101100100001110010110 2
285653E0 16
1001100110011001101111011110 2
5147423160 8
286327BE 16
253479DA 16
3215706523 8
2773372173 8
8DB3DF4 16
83064751 10
4405022272 8
3988ECDE 16
1057772554 8
12A2542A 16
21F34883 16
110100010111111100111001000 2
2323551621 8
1AE29B78 16
2630104753 8
6243146476 8
25E96B1A 16
138DA4FB 16
284E31A8 16
111011110011010111000100110 2
101010000010001001011100011001 2
2D8835AB 16
5763362712 8
5232077311 8
110100000010101011000000 2
266BBEF1 16
4730471146 8
311637883 10
3A1AA446 16
6FB9E7 16
544793789 10
10101111101011101000010001100 2
2512700275 8
4202571066 8
667324710 8
755707237 10
6520500016 8
3351261072 8
798816240 10
32C8FEC5 16
14B79DEB 16
204DE6EC 16
100111100111000111000011110111 2
1001000010011010010101110001 2
111001101000000100011111110 2
110110011100011001011000001010 2
193583177 10
10A26D44 16
110111001100000110001010111101 2
2F2DE8DD 16
2170335424 8
254D43E9 16
49EFA4F 16
6230363274 8
189760959 10
6335435557 8
800998412 10
246E5B63 16
2510550226 8
1000111101100110010101110110 2
B4D3E67 16
514633896 10
11111000000111010100101110000 2
404410318 10
122571371 10
111001010001100111001100011100 2
1000011011001111011110101001 2
10101110100001111011000101001 2
95277184 10
100011101101110111001000010010 2
101111000011111001110101100101 2
895650167 10
15245E2E 16
5329D55 16
100001100001010000100000101001 2
1343A3F0 16
214A0D3F 16
2301365260 8
810548757 10
1563535355 8
35C821FF 16
11110110100000101101110101110 2
2227034353 8
321674151 8
2216453321 8
591829473 10
695737220 10
110000010010010110000110000011 2
767676572 10
223F9C11 16
1110110110010011001011101100 2
724504066 8
10101010001001100010000001001 2
1011111111000100001101001111 2
245B7386 16
5400534733 8
95085731 10
293243568 10
202486650 10
1515243071 8
1164043054 8
FF06569 16
101110010010011101110010010101 2
1336371277 8
100100000000011011001010101000 2
1410500101 8
483003610 10
125345521 8
27654751 10
489226286 10
101000001010000101111110011010 2
18015FE3 16
110100011110011101110010101110 2
100111100110101010110000011011 2
111000100110000101101011111001 2
101001000010010000110011001 2
1FB5AD0E 16
74905AE 16
2F190626 16
532231014 10
5827B2F 16
666847298 10
1010100111001010100011000101 2
4056470060 8
ABAA894 16
20C93953 16
110101110101110101011111001110 2
3461367632 8
101101010111000111000010010000 2
19100F9E 16
6164243104 8
10000111010011100101010101001 2
391946314 10
3200702521 8
5204540437 8
2C3828A7 16
111011100110100000001101011110 2
16C2BCB3 16
11110101000100001010110101100 2
1333171251 8
1AF4C720 16
242067697 10
27EF0D2A 16
1376CB28 16
1000100101011101010010010001 2
11100000001100011110011001011 2
2529190 16
1315117734 8
1AEEC84D 16
6766571237 8
110100100011101101000100111 2
4734721216 8
100110011000011111101000111110 2
331C2438 16
100100000110011111110010 2
2320746256 8
217046465 10
960908726 10
13B8CCF5 16
556755031 8
101100010001001011111011011 2
100111001010011010010101011100 2
CC6E5B 16
190958864 10
2377171303 8
801979138 10
218868347 10
39A299A 16
620236106 10
4572065454 8
80834831 10
101000100101001100100001011111 2
110001101010001001001110100111 2
577647006 8
332100016 10
1F866844 16
101100101100111001000110 2
2006324175 8
1601143721 8
3313300247 8
352282950 10
1D0F53A6 16
586318237 10
2505705326 8
48897D1 16
101110010011110011001110001010 2
1000011100111011010101101111 2
52976776 10
386208273 10
110100101001010111111001010101 2
1175606311 8
2560616120 8
4766004054 8
1218DA4C 16
490C9F3 16
54156353 8
110010011101111110100101001100 2
358B2D4B 16
10100100000111100011111010001 2
2AAA291C 16
255862424 10
633658072 10
4364723077 8
1011010111010111100110110011 2
AD6F759 16
877032651 10
839762849 10
101000100010110111010001100100 2
49FA9D 16
194079190 10
7161016270 8
4702330603 8
4154324227 8
7100342612 8
537719910 10
6565073077 8
110010101110101111010000110101 2
6045716155 8
3AD4F427 16
1F4A99F6 16
10101111100011001011000 2
19DE465B 16
2175751516 8
1A632138 16
25301D15 16
3A125887 16
110010011101111000111101000101 2
869965010 10
4746632745 8
6447623203 8
125314018 10
390B4BA8 16
1770352661 8
2542BD0E 16
1001000110100011100100001001 2
233328264 10
27FD098D 16
762854458 10
370756552 10
940493306 10
493896407 10
4676127633 8
276697584 10
11101010100011001100110100 2
101000110010100000011001100 2
673319182 10
6A0BD4C 16
5703514331 8
11110101011101010101001101 2
3885F134 16
111011010010010100001001001100 2
4141264334 8
374364015 10
18079334 16
146F71DE 16
3304467634 8
5154476116 8
899223396 10
37162186 10
B323083 16
353C95BC 16
654906920 10
3103640325 8
1DE8C266 16
19D8509F 16
110000010010100010001011000110 2
587590847 10
610006233 8
748291821 10
4132616121 8
11111011011011001011100100100 2
1101100000110001001010000011 2
4366431026 8
419320476 10
6332216655 8
1B61A1E5 16
101000110001111010110000001001 2
10001111100011001111000011011 2
14847286 10
2E06429F 16
690928385 10
10101000110000010111101000110 2
1010001010100000000011010111 2
962707770 10
7330022606 8
1146274041 8
2263302610 8
10011100101110100110110111111 2
100011000010101111110011001000 2
1110011011100001001111100000 2
101010010010111001011011010100 2
11F90CEC 16
12AD295A 16
110000011110001110100111100 2
6023743701 8
3450061514 8
644023888 10
920910641 10
900111556 10
572226328 10
2150022177 8
127135041 8
4366176701 8
101100011000111100001100010110 2
6731704674 8
1C72A4AA 16
707590282 10
327775A1 16
10001000110101101101111100001 2
442013374 10
73652937 10
100011001101010111101010011101 2
10111101001111010000101001011 2
2673753517 8
110000100010000000011101010100 2
967633290 10
611301030 10
4700555540 8
834984125 10
101011100010010000010010010010 2
5201452053 8
7F07BCF 16
10110011001010011101111001001 2
5213006016 8
11100000111110011010001111000 2
11101000101000110101101100010 2
5635750331 8
34B7A49A 16
110516397 10
7221221533 8
2D7AF512 16
3A921828 16
775371575 8
100011011110000100101101 2
1130575551 8
1110000101000000010000110000 2
FEC6C6C 16
11001001011000010011001010100 2
948936076 10
635451918 10
2B0AEB34 16
5341443362 8
501515475 8
6313271227 8
110001011101101000010100010001 2
2ED194E 16
1556E849 16
102A2864 16
3544664035 8
100101011100100000110010011111 2
828051041 10
D33A322 16
101000001101010000110010111100 2
747014045 10
541075592 10
6461251250 8
825665609 10
11111111001101010010011000001 2
6371573535 8
621557364 10
683018095 10
1C401E4E 16
110000010100000101110110010101 2
467444462 8
2105621132 8
147C07EB 16
553853181 10
12113322 10
303726235 8
110011010011000111110010001101 2
544326000 8
6117446704 8
466455227 8
13926773 10
5333541135 8
FE2DAF8 16
1104947C 16
1537640676 8
31F5D5EC 16
897B356 16
86773254 10
3467427047 8
43E6CD8 16
1265521756 8
50049482 10
473700502 10
32252F28 16
111001101011111010100110111010 2
110000101000110010101011101010 2
110111101111001101010111101111 2
52999039 10
341614102 10
1660402566 8
274603554 10
1700355215 8
7032234104 8
70783316 10
1250240771 8
417535412 8
504246443 8
1C14F77D 16
67EE4AC 16
698996909 10
101011100110110000001000010101 2
73334462 10
3126571726 8
CE98EBE 16
111011001000101100010100111111 2
10110000100111011100011100011 2
648350532 10
10100011100000011001011111001 2
1107711257 8
7264537057 8
4212710355 8
1632035067 8
8313264 16
1110010111111011100010001010 2
2760D4F5 16
2007E1BC 16
416971504 10
110011111011111110110010000010 2
568159462 10
11010000010000000010010011101 2
6353340661 8
11101000101001111111100111111 2
11101011101010101011100100011 2
193993583 10
588112714 10
644285175 10
33B9D162 16
19592305 16
111001000110110111111101001110 2
783438350 10
266195E4 16
11110000101001001000011100110 2
1101000110011110001100011100 2
21E04BCC 16
92A0BA4 16
151071289 10
D14A229 16
468528843 10
829982897 10
33000070 8
6560004162 8
C440094 16
101111000011101101001101010000 2
1321112120 8
3037620662 8
125E768C 16
3972F27C 16
6047046536 8
10101001010101110100011101101 2
11011001110000010000011101111 2
4376274046 8
6001650625 8
11111000110101001101011111111 2
1A12C2B2 16
100000110000100001110000001101 2
2FF15C8 16
10110000001011010111110000001 2
21622DA8 16
28795734 10
2375731442 8
1C3C53AF 16
1302645013 8
15EDBAD4 16
5634000712 8
404087131 10
2623456627 8
100001111000001001011100101001 2
12A4A85C 16
17E7135F 16
665777347 10
10111110100100101100010001110 2
611254055 10
7056056074 8
17942CA3 16
101010000001111101100001101110 2
2A51FDA1 16
58886987 10
981776286 10
67AA382 16
100011100010001010101110011011 2
7025007206 8
459116473 10
681363614 10
3441145751 8
2505472 16
22FF0B74 16
8EB2D5 16
437292585 10
33AC1368 16
16EA26C4 16
3767025410 8
278286331 10
22E81171 16
101000000000110010100100011011 2
110011110110100111011110011101 2
770576238 10
204376704 8
782186983 10
373774056 8
10110101001011000101100100100 2
10111100101101010010000010001 2
39738773 16
706504121 8
332222303 8
1001100000001111000011001 2
A4E9123 16
111011010001110100010000101101 2
38EC4EDD 16
409042821 10
4022412433 8
111001010001010001010010111000 2
10110110010100000010111111000 2
5242733433 8
2123607235 8
31395931 16
7222057737 8
110000000110111010011 2
101E7B7C 16
6523616246 8
11100111011010111001001 2
18336F32 16
6315066117 8
2023521737 8
1368F7E7 16
23E0300D 16
399E3F8F 16
5761776767 8
203F513C 16
11011001100010101001101010010 2
110010111010101101100011001000 2
111001111010001001000110111011 2
5237046277 8
115F7117 16
4082CDB 16
850378796 10
6265225136 8
2EA21864 16
670092482 10
859585036 10
1001100101000011100001001001 2
446199310 10
3B9B7DC 16
100101100010001010110110100111 2
10110110010011101000111100000 2
4631136630 8
194783904 10
11110011001010100001101011 2
3460675575 8
1ECD0F33 16
540263377 10
3267565754 8
334B523E 16
449886020 10
2BF06763 16
100010111010010001011100110001 2
16E597 16
1047422560 8
5405762633 8
4342252753 8
1CB10590 16
1457114717 8
100111101110000111101010000000 2
2850F3BD 16
10001101011100010011111000000 2
29DD664C 16
1001111101100111010111100001 2
10010010000011110000101000111 2
111001010101000111101101000010 2
32104324 8
1725756662 8
110001010010010111101111011101 2
374332562 10
2609B96F 16
1103076442 8
420059771 10
4E1B339 16
110001101101110010001010110011 2
940807375 10
101111101010111001101000011100 2
6761016355 8
2610122647 8
101010111000011000000011111 2
6152112050 8
998196670 10
797873142 10
5623074345 8
347796991 10
142374493 10
10111000111000100010001011011 2
762639811 10
4036264051 8
598426477 10
39745939 16
352AF1A5 16
7781267 10
584767639 10
11110011100010110000111001110 2
100010011000010111011101101 2
3135007453 8
4A86A03 16
992461870 10
998089947 10
110001001101010001101011010111 2
787858083 10
509EC22 16
38B04D66 16
11111111011010100011111011001 2
2627602632 8
6656033355 8
656098683 10
100100110010101001000000000010 2
27B8586A 16
B890BBA 16
2E58BBCF 16
606370110 8
4160420752 8
3A9EFF1F 16
BB20F60 16
91832317 10
100100111000001001100001110000 2
5E1147C 16
10BF9277 16
10011000111010100011010101111 2
2A9EDA33 16
32F203E3 16
799142525 10
111001011100000001100111000110 2
2F375DFA 16
927542119 10
381BF3D6 16
870957780 10
338829131 10
11011001010010001001110110010 2
727768657 10
765683532 10
555039713 10
6215173062 8
101010001000100001101100010110 2
1100001010110000010100111010 2
5423006515 8
274213E5 16
935728070 10
59508150 10
100010110111101010110001001001 2
11000011011101100110000000000 2
381A0357 16
1A393A9B 16
1BC2EAD1 16
101000000110101101010011010011 2
168624724 10
365BB776 16
396E0321 16
888884494 10
110797A5 16
2633675650 8
1001100100011010111001010101 2
1101110101111000011111110 2
110001100100110001100110100100 2
31391FC2 16
3A232B55 16
100011101000011110111001011011 2
1001100110100010101110111011 2
5325524101 8
111000101011010101110000101 2
10100101100001101111101110101 2
110100011001001111011111010011 2
110111101101110111111100011111 2
101001011100110000011001111100 2
110000001111101001110011010001 2
84803890 10
620176526 8
100011100011110000010001110000 2
112737043 8
4615062753 8
894676145 10
8423959 10
959709899 10
6455730255 8
10011000010000110001101011 2
401330981 10
111010001001011010001011100111 2
600300164 10
240368103 10
4460645545 8
467447230 10
10D5D8B5 16
5211304350 8
188724841 10
11000100111110000100110000010 2
884691080 10
416078012 10
1BD7C77E 16
572943204 10
5174122504 8
10000111001111100101000110010 2
37CB8C59 16
2304746410 8
174500371 8
426813786 10
1001110111001010110111001011 2
101011101100101100111101000100 2
101010010110101111010001100110 2
409912013 10
6401550437 8
3DE3169 16
F0C77DE 16
19323078 16
101110001000101011011110101011 2
101947857 10
30C4FD91 16
330165657 8
37578EF4 16
270791673 10
100101010011001001111111111100 2
510264602 8
963075818 10
11001101110010001110010001100 2
2177440472 8
2662053112 8
67303926 10
BDED70D 16
101100100101100111101010011000 2
668712093 10
4156316126 8
2306427751 8
6352450744 8
2635224442 8
249451A8 16
BDCE4A5 16
101011000100101011110000110010 2
1110000010000111000100011000 2
3154623202 8
38AC3F63 16
4451001365 8
237029E5 16
613533720 8
110001000101010110010010011010 2
746594719 10
528804367 10
6031076210 8
111000100110000101001010011111 2
258048225 10
5A1BBA 16
303016161 8
101001010100101000101111100101 2
472D8B1 16
626741176 10
1110111000101011100001000000 2
430517316 8
462074318 10
611436203 10
37299CBF 16
870605293 10
1702524133 8